.Random.seed <-
c(403L, 10L, 1686563269L, 47549820L, 2061956562L, 246714701L, 
-555674617L, 2083120110L, -64689464L, 398771659L, -1396383703L, 
-645478792L, -244382810L, -1428699711L, 151421523L, -1712371454L, 
665059380L, -1246545481L, -963695187L, 1226434244L, 1686375146L, 
923299157L, 1403953903L, 782713078L, -1197268960L, 2056331747L, 
1526964865L, -1532179216L, -673578098L, -594789127L, -1860467061L, 
-211765574L, 1170717116L, 1908501247L, -623669675L, -474015380L, 
615516610L, 213426717L, -350553449L, 1057149950L, 2023239608L, 
-994573413L, -892204551L, 235133256L, -1188060042L, -1214647887L, 
-1062428701L, -86950734L, 1825034500L, -1283909049L, 1272700189L, 
1635527572L, -199532742L, -743652475L, 187299935L, -754234650L, 
-880774800L, -981951853L, -1414610127L, -1254579744L, -1460595074L, 
638524681L, -1256362181L, -580114678L, 849008364L, 639615855L, 
218559653L, -1172363684L, 1857728050L, -1401860819L, -796689433L, 
623704846L, -967263000L, -2121181461L, 886388617L, 1873019672L, 
1176376902L, 2128021153L, 954190131L, -754079582L, -430184556L, 
1435518487L, 735834637L, 1204422436L, -5389558L, -494006667L, 
-60690993L, 1608193750L, -1555162496L, -1260272445L, -1767300511L, 
-791004464L, 827202606L, 1237856729L, 1034464747L, 1209673818L, 
1925048860L, 1165003551L, 2102263669L, -1853479412L, -382271518L, 
-1848032067L, -1470151881L, -261100578L, -797791976L, -1287365509L, 
1179730457L, 886022824L, 2145945686L, 799737041L, 813564035L, 
940938002L, -1183381852L, 234926695L, -1727616067L, 1257440564L, 
90144410L, -1482601243L, -407245185L, -960071674L, 144358288L, 
659539507L, 722752977L, 119351168L, 470628958L, 312467881L, 435605595L, 
684263530L, 772778252L, -510467249L, 804667397L, 2021400252L, 
-1277216878L, -146938739L, 85476039L, -2042154066L, -181834232L, 
-870399477L, -410053911L, 1315380664L, -877864346L, -1589926143L, 
324506003L, -1719522750L, 968670708L, 1593182199L, 1441627117L, 
1176622212L, -784938326L, -110223339L, 75483311L, -1289140554L, 
-1211460384L, -1409075165L, 907519809L, -874919376L, 749459534L, 
337774777L, 399588555L, 1095926138L, 101727356L, -148916033L, 
472059285L, -505328212L, 1743259522L, -420967075L, -344718249L, 
422454078L, -1255322760L, 1491855451L, 763670457L, 330165768L, 
-138265418L, 1577200625L, 861197859L, -1634040206L, -2026054460L, 
-1239115129L, -1483435427L, -180120492L, -553156998L, -1732969019L, 
-1572896993L, 845818534L, -2114319312L, -2090684717L, -1281864463L, 
758614048L, 1335389886L, -240874807L, -1583939461L, -471482806L, 
-1367004500L, 405151151L, 720989541L, 472939292L, -262021262L, 
-1537494035L, 1476850727L, 846818382L, 2033324200L, -1344209237L, 
796711881L, -106711080L, 1810587270L, -979523743L, 1073683187L, 
-1134066334L, -843738156L, 1583355607L, 554818765L, -2015675292L, 
1745113674L, -188254283L, 913214223L, -2039810026L, -1141046592L, 
-399092605L, -1560690527L, -772839792L, -2065713810L, 41394969L, 
-169957461L, -998079078L, 685678940L, 1982380127L, -1155295179L, 
1431493580L, -832860382L, 565829626L, -1002201392L, 959427884L, 
-691023628L, -1604315246L, -80593824L, -39047924L, -1162043680L, 
-895992478L, 208368296L, -909669812L, 1144924028L, 168229682L, 
638314096L, 1878699332L, 481565656L, -552288134L, -1965476304L, 
1527165628L, -648075436L, 567874114L, -640568416L, -793726788L, 
-989386288L, 1852388706L, 978410472L, -1379434548L, 1084839676L, 
-2051776526L, 842878080L, 1506253044L, -405105528L, -959544006L, 
854745936L, 1386515564L, -1957236588L, -1314727598L, -2063546656L, 
120266956L, 873525408L, -1233161854L, -913714968L, -1296686868L, 
1960067132L, -1962336142L, 500975728L, 1433852452L, 285680184L, 
1621611034L, -698943280L, -533760452L, 1984189588L, 1115300994L, 
1564471232L, -172706500L, 1593124496L, -123716574L, 691611656L, 
-1854720884L, -1259739108L, -666975086L, 1687526528L, 460602388L, 
-1641041112L, 836013114L, 1046363344L, 894274668L, 561690292L, 
-331407342L, -212705312L, -1298230324L, 447051232L, 84778018L, 
-1605855960L, 394445068L, -1894867396L, 236246258L, 82819312L, 
-624122044L, -1197375400L, 406993466L, -146429712L, -2088815940L, 
660697620L, -878523198L, -164657568L, -2068130436L, 276770000L, 
-1709515742L, 127764648L, 172047756L, -1581930052L, 1261778994L, 
-2085315776L, 1381656244L, -1270869688L, 82215610L, 1762187024L, 
-1028921108L, 1993660500L, -1312362734L, 1352065440L, -1210282036L, 
789395296L, 804992194L, -1851630040L, 834013612L, -1495108804L, 
1384289138L, -894724304L, -2079700956L, -2335176L, -1907903782L, 
-1792465008L, 2144627964L, 2098926996L, -1838640318L, 1721018880L, 
799344700L, -477500848L, 305250466L, -550038712L, 830292492L, 
-1695952164L, 727664722L, -145650560L, 643411796L, 689430504L, 
1694653178L, -459063472L, -1024633812L, 907923828L, 692344466L, 
1482037856L, -528508788L, 1656383840L, -1973303070L, -737311576L, 
-1876533556L, 593611260L, 663860146L, 1946983408L, 661883332L, 
-1573024424L, 1951627642L, -1295394384L, -1245822532L, 1528557140L, 
99957186L, 299051808L, -2083783748L, 304238672L, 590898146L, 
974047080L, 2046426956L, -1460867332L, 2130874098L, -1148080896L, 
1538679924L, 648277512L, 1390108090L, 300967376L, 1762332652L, 
71920532L, -579104558L, -1448133536L, -2055088820L, -1651242208L, 
66419330L, -2070683160L, -1626414100L, -171248068L, 1709645426L, 
283554672L, -1077662428L, 447625784L, -1547169382L, 1489405392L, 
-118479428L, 1832896148L, -1128004990L, -117238336L, -35909828L, 
1104024208L, -267991262L, -891447800L, 1123566348L, 1856281500L, 
-953097198L, 1704539008L, -87971052L, -1241213656L, 553480250L, 
-1659857968L, -1933911444L, 1653644340L, 1707530386L, -894688928L, 
1537805644L, 1115147744L, 1870902178L, 1301547944L, 1346030732L, 
30630844L, 1185848434L, 905017328L, -674032572L, -404457384L, 
2004435002L, 1080471664L, 1611126332L, 1892603668L, 776055490L, 
2065707744L, -1738249092L, 168287440L, -272356446L, 576753192L, 
-1030145780L, -1283557444L, -898856654L, 556540096L, 2101486132L, 
-1421243704L, -1656743238L, -2121948016L, -954345748L, -519950125L, 
-734379467L, -1634369134L, -591288992L, 1179126985L, -1705922565L, 
2054393804L, -889716134L, 741375823L, 1598041625L, 986713134L, 
1136513596L, -1101926483L, 858105943L, -1463710304L, 1097670398L, 
1999535563L, -135730227L, -448815366L, -1659333320L, -80412959L, 
-116895341L, 1217509812L, -2085197118L, -401794345L, 925879073L, 
2024991462L, 1102253028L, 156379925L, 106902335L, -1277897000L, 
-7630090L, 57847043L, 1941620293L, -686850462L, -257665584L, 
274506489L, -194342869L, -1854316644L, 1136725962L, 1945905343L, 
-381380087L, 1471017758L, 1315535564L, 1920463517L, 1042669351L, 
-1634012848L, 1235550190L, -755113829L, -1302770947L, 1743598058L, 
408459912L, -355013583L, 1308728995L, 1788466852L, 1975088978L, 
2142166695L, 1184899825L, 1718544950L, -1731991852L, 235113061L, 
249071727L, -1664849240L, -100091898L, -1830849229L, 1466349973L, 
-1979120142L, 1648958016L, 1747612585L, -1953632741L, 1924163564L, 
1082183674L, -2000260049L, -2071215047L, -501434802L, -344930660L, 
-346981363L, 150585463L, 157304960L, -2060349730L, -1428888149L, 
-544131411L, 1188891418L, 1080407000L, 752414785L, -1458037005L, 
929415444L, 1992070306L, 815272375L, 202380673L, -574397562L, 
-1014877756L, -2088322827L, -1478764193L, -1631562824L, -927697258L, 
-46841693L, 241019493L, 1340751746L, 376001776L, 207596697L, 
890848395L, 1782664572L, 1541864362L, -772752417L, -163892887L, 
-948183682L, -1915667092L, -891951683L, -159684985L, 474751600L, 
-1743402738L, 656332347L, -1197112035L, -424636470L, 401643752L, 
1764473809L, 1124466115L, -130640188L, -498426510L, -963882937L, 
-740338671L, -1064544874L, -1102632716L, -1901223291L, -767259697L, 
-170540344L, 569557862L, -495715949L, -2079804683L, 919808722L, 
1029805344L, -167633655L, 1393568315L, 1903394700L, 426401306L, 
594470543L, -472505895L, 1318442606L, 1210701308L, -1867288723L, 
1064933655L, -558156576L, -364774722L, -1192003445L, -393582835L, 
1528473402L, 816242552L, -808053471L, 1019512275L, 604972276L, 
